110010100101111010100111100101010000011100010010101
111
000111010010110111111101010111110010100010111011000
010
011111000110011011010000001101111011000101101111100
110
101000101001010100111111010010111101101110111100100
111
111010110111100100011000100111111110111100110000110
010
111000100010100101111011011101100101110101010101010
111
010101001110010100010000000110111111111010010011011
000
110000000110100110111011010000011111011101111001011
101
111011001011011011111110100001100101110011010100010
100
101010011111101011100000111100111010110011011111000
111
110011111111001001110111100100001010101110111010000
111
100001001110000011111010101111110010101010110011101
110
010010011011101111100101000000110111110011111111001
011
100011110100101100000111101101110010111011000000001
101
101011110110101001000100001010010110001100110110101
101
001010100111001010110001001010100100110000111011101
010
101010111111110100101110110101011110110111011100100
000
110111110011000110101011011100110011101001010010111
001
010101111100101000100111110101011111011000010101001
110
010100010010010101001011001111110101111011011101111
001
001010111111111011110101110111001101010001010010101
001
111110100101111011011111001010001001111101010111110
010
011111010111101010010100111011010000011010110011101
011
000100010110010100111100101001110100001000110111100
110
110101110100101111011011111001010001001100101001011
111
010101010111110010100010011001010111011101100110011
110
101110011001101111111000111101011110101001111001100
001
110011001110011011010000001101111111110100100110110
001
100000001101001100111010101000011100101010000010111
111
101010110001101000011000111110000111011111111001111
101
000011111000110011111011001110101111101011101000100
000
001101011110110111011000111110110011101011001011101
100
001110100101111011011111001010001001111100111010101
010
000101101110011011010100110110011011110110010101001
011
001111111001111101011001111111000111101011000011100
011
001010111100101110011101011001101010001010010101001
111
110101001111111101001001101100011000000011010011011
101
110001100010000011100100000111100100100011111011001
110
101110110011111001011101111101101000000110110111001
000
110001001111100001110111111001100011011011001111101
100
110011101110000010110111011000001011000011010001011
001
010011101001011101101110100101110101011010110101010
001000011101001011011111000011110000100001100000101110
110
000111111010110011111001110110011001110010110011101
011
010000111111101010100111101001010000011011100111010
101
010000101101110011011010100110110011011110111111001
110
010101101000001101110000111010000100011011110011011
010
111010010111101101111100101000100010010110000011110
110
111100101001110110000110101111010100101001110110101
001
101101010011011001101111011001111110000110010001110
100
111000111111101111011011011000011111001100001110010
111
010000011101110101010011100101000100001010111110000
111
000101100110000010010000011111110101110101110011001
010
111101010010100111011010100110110101001101100110111
101
100100110101000101001010100111111010100101001011000
001
111011011101011111110101011000110110010100101110001
011
110001110100001110110110111000100111100111101011010
010
111010000011101110010111001010101111100101000100111
101
011110110111011110010101110111001010011111110000001
100
010010110001101000001101110100101001001101100011100
011
010010111001010111001010100001110000111100001000011
000
100111000010100000110111001011111000011110000100001
100
010011111100001110011101100000001110111001111011110
000
110100000111000111111101000001111010101000100001111
011
110010001100010011111111011111010011101101000100010
010
110000011110110111100101110100101111011011111001010
001
001001101101010011011001101111011001100101111100111
111
000111100001111101101101001101010001010010101001111
110
100101111011011111001010001001100100110101101000111
111
101111000111110110110011101111001000110001001111111
101
111101001110110100010011111110111101010111101010011
110
011000011100110011100110110100100101100000111101101
111
001